emerge saleintended2 ebitbeforedummy equitybefore manufacturing prime1yearbeffile lnhqtohqctcity prepack3 diploanres commcred24 lnassetscurrdollar lnjudgeexp
1 0 1 0.43870968 1 4.25 4.23410650 0 1 1 5.73657230 0.00000000
0 0 1 0.12722235 1 9.50 2.19722458 1 1 1 6.07096865 3.46573590
1 0 0 -0.06723586 1 4.00 2.56494936 2 NA NA 6.02170273 4.06044301
1 0 1 0.14606742 1 4.00 0.00000000 0 1 1 5.58724866 1.79175947
1 0 1 -0.02758327 1 9.00 2.94443898 1 1 1 7.85744210 0.69314718
0 0 1 -0.39644970 1 6.00 3.36729583 0 1 1 6.51619308 3.98898405
1 0 1 -0.77366305 1 5.25 3.36729583 0 1 1 6.71040130 3.93182563
1 0 1 0.01356022 1 8.25 3.04452244 1 1 1 5.92985507 0.00000000
0 0 1 0.11750770 1 8.25 0.00000000 1 1 1 5.82209870 1.09861229
0 1 0 -0.37079375 1 6.00 1.60943791 1 1 1 5.51520137 1.60943791
0 0 0 0.06841902 1 8.50 2.30258509 0 1 1 5.55566909 1.09861229
1 0 1 -0.62118409 1 4.75 3.66356165 1 1 1 7.16796337 1.38629436
1 0 0 -0.74151794 1 8.50 0.00000000 0 1 NA 5.54106745 1.38629436
1 0 0 0.06429652 1 5.00 2.07944154 0 1 1 8.28551331 2.48490665
1 0 1 -4.67823691 1 5.25 3.04452244 0 NA 1 7.50384075 1.79175947
1 0 1 0.11111111 1 7.75 0.00000000 0 NA NA 6.22257627 2.07944154
1 0 1 -0.07450628 1 4.25 0.00000000 1 1 1 8.11432471 2.89037176
1 0 0 0.24898433 1 7.25 0.00000000 1 1 1 7.45182224 2.70805020
1 0 1 0.09144444 1 4.25 0.00000000 1 1 1 5.59842196 0.00000000
1 0 0 -0.21525424 1 9.50 0.00000000 0 1 1 6.38012254 1.94591015
1 0 1 -0.12208104 1 5.50 3.61091791 1 1 1 7.06030468 3.68887945
1 1 1 0.15502611 1 5.25 3.09104245 1 1 1 8.02747653 2.39789527
1 1 0 -0.36923688 1 8.25 4.35670883 1 1 1 6.22098771 1.79175947
1 1 0 0.02647059 0 8.25 2.19722458 1 1 1 5.82894562 2.48490665
1 0 0 -0.07964047 0 7.25 NA 0 1 NA 6.40745738 1.38629436
1 0 0 -0.76995538 0 8.25 0.00000000 1 NA 1 5.30678144 0.00000000
1 0 0 0.16011299 0 6.00 0.00000000 2 NA NA 5.58161484 1.09861229
0 0 1 0.22443753 1 9.50 0.00000000 1 1 1 6.30390021 0.00000000
1 0 0 -0.12868729 1 7.75 0.00000000 1 1 1 6.15746616 1.38629436
1 0 0 -0.28927681 1 7.75 0.00000000 1 1 1 5.99396143 2.70805020
1 1 0 -1.60863950 1 5.25 0.00000000 1 NA 1 5.73573324 4.33073334
1 0 1 0.09763948 1 6.00 3.46573590 0 NA 1 6.83733281 2.77258872
1 0 1 0.03506744 1 3.25 0.00000000 2 NA NA 7.86134180 3.17805383
1 0 1 -0.26725132 1 7.50 0.00000000 1 1 1 9.48415574 2.63905733
0 0 1 0.22934872 1 8.50 0.00000000 0 1 NA 7.10085191 0.00000000
1 0 0 -4.00000000 1 8.25 0.00000000 0 NA 1 5.70378247 3.58351894
1 1 1 0.06686244 0 4.75 2.99573227 1 1 1 5.58206672 0.00000000
1 0 0 0.03809112 0 5.50 0.00000000 0 1 1 6.03157429 1.60943791
0 0 0 0.19382070 0 8.00 0.00000000 1 1 1 5.46772253 2.19722458
0 1 1 0.13985829 1 8.50 2.70805020 1 1 1 5.57560814 1.09861229
1 0 0 -0.26194700 1 8.25 0.00000000 1 1 1 5.85638911 1.79175947
1 0 0 0.10662047 1 7.50 4.00733319 1 1 1 8.10128676 0.69314718
1 1 1 -0.10277067 1 8.50 1.79175947 1 NA 1 6.36676250 3.21887582
1 0 1 0.11214953 1 8.50 0.00000000 1 NA 1 5.77144112 1.09861229
0 1 1 0.03229931 1 4.25 0.00000000 2 1 1 7.13203419 3.85014760
1 0 1 0.13758389 0 8.50 0.00000000 1 1 1 5.69709349 0.69314718
1 0 0 0.08054432 1 8.00 0.00000000 1 1 1 6.70404664 1.79175947
1 0 1 0.15635679 1 4.00 0.00000000 1 1 1 7.42285177 1.94591015
1 0 0 0.29094236 1 8.50 3.13549422 0 1 1 6.99668149 2.63905733
0 1 0 0.04320680 1 9.00 2.83321334 2 1 1 6.66340086 2.19722458
1 0 1 -0.01173709 1 4.25 0.00000000 1 1 1 6.05443935 0.00000000
1 0 0 0.18375841 1 4.25 4.24849524 1 1 1 6.06951296 1.09861229
1 0 1 0.02305754 1 9.00 0.00000000 2 1 NA 5.47269075 3.13549422
0 0 1 0.27838851 1 8.25 0.00000000 0 1 1 5.77743558 3.09104245
0 0 1 0.02109705 1 9.50 0.00000000 1 1 1 7.07749805 1.79175947
1 0 1 -0.01739244 1 8.50 0.00000000 1 1 1 6.63948360 1.38629436
1 0 1 -0.22655552 1 8.25 4.63472899 2 NA NA 5.81681350 2.39789527
1 1 1 0.29311970 1 4.75 0.00000000 1 1 1 5.76299433 3.80666249
0 1 0 -0.37564456 1 4.00 0.00000000 1 1 1 6.33908866 0.69314718
1 0 1 -0.27218253 1 8.00 0.00000000 2 1 NA 5.37966691 0.00000000
1 0 1 0.12236287 1 8.25 2.56494936 0 NA NA 5.46806014 1.94591015
1 0 1 0.18196721 1 8.25 0.00000000 1 1 1 6.41345896 0.00000000
1 0 1 -0.17229744 1 3.25 0.00000000 2 1 NA 6.54176566 3.21887582
1 0 1 0.16703009 1 7.75 0.00000000 1 1 1 5.43503119 1.09861229
1 0 1 0.16560510 1 8.75 3.97029191 0 1 1 5.74939299 2.70805020
1 0 1 -0.44774688 1 8.75 4.44265126 2 NA NA 5.34041854 3.25809654
0 1 0 0.18129362 1 8.25 0.00000000 1 NA 1 6.49529577 0.69314718
0 0 0 -0.42933348 1 7.75 0.00000000 1 1 1 6.32215223 1.60943791
1 0 0 -0.04212091 1 5.25 NA 1 1 1 8.99615656 2.99573227
1 0 1 -0.34104428 1 6.50 0.00000000 1 1 1 8.42046200 1.79175947
1 0 1 -0.02090373 1 5.00 2.83321334 0 1 NA 5.94476594 1.09861229
1 0 1 0.20578778 1 3.25 2.30258509 2 1 NA 6.43294009 1.79175947
1 0 1 -0.17335068 1 4.25 4.33073334 1 1 1 5.99073928 0.00000000
1 1 1 0.23210019 1 7.25 0.00000000 1 1 1 7.10142882 1.79175947
1 0 1 -0.69141531 1 6.00 2.63905733 1 1 1 6.06610809 2.83321334
1 0 1 -0.02151184 1 4.75 4.60517019 2 NA NA 6.36727768 4.15888308
1 1 1 0.23966566 1 8.75 0.00000000 0 1 1 7.09701107 2.39789527
1 0 1 -0.07832134 1 8.00 0.00000000 0 1 NA 6.28484287 1.09861229
1 0 1 0.00639075 1 4.25 0.00000000 1 1 1 6.48798839 1.38629436
1 0 1 0.01086113 1 5.00 3.98898405 1 1 1 6.02218772 1.94591015
1 0 1 0.16592628 1 8.50 3.46573590 1 1 1 8.33435150 0.00000000
1 0 0 0.25603339 1 8.50 0.00000000 0 1 1 6.31191628 3.21887582
0 0 0 0.32711868 1 7.75 4.41884061 1 1 1 6.10329658 0.00000000
1 0 1 -0.03960396 1 7.50 1.79175947 0 1 1 7.11655647 0.00000000
1 1 1 0.49565217 1 6.50 0.00000000 1 1 1 6.13122649 1.38629436
1 0 NA 0.12060354 1 7.25 0.00000000 1 1 1 5.25853650 1.79175947
1 0 1 0.07704750 1 9.50 0.00000000 1 1 1 7.75923012 1.09861229
1 0 1 0.23967159 1 7.75 0.00000000 1 1 1 7.73621976 3.43398720
1 0 1 0.16715675 1 8.25 0.00000000 1 1 1 7.42856490 2.56494936
0 0 1 0.06199021 1 4.75 0.00000000 1 1 1 6.41836494 0.69314718
1 1 0 0.13489713 1 4.00 3.17805383 1 1 1 6.46926582 2.56494936
0 0 0 0.05444503 1 5.00 0.00000000 0 1 1 6.63384461 4.09434456
1 0 0 -0.40660081 1 4.00 0.00000000 2 1 NA 6.79211994 4.07753744
1 0 1 0.18166238 1 8.50 0.00000000 0 1 NA 5.45275372 2.48490665
1 0 0 0.19025157 0 8.50 0.00000000 1 NA 0 5.53890783 1.60943791
0 1 0 -0.12457627 0 8.75 2.07944154 1 NA 1 5.55914198 3.17805383
1 0 1 -0.52669077 0 7.75 0.00000000 0 NA 0 5.65224354 3.46573590
1 0 0 -0.17493644 0 8.50 0.00000000 1 NA 1 5.85813313 1.79175947
0 0 0 -0.21829817 0 8.50 0.00000000 1 NA 1 5.35162114 0.69314718
1 0 0 -0.14817162 0 8.50 0.00000000 1 NA 0 6.51984026 1.09861229
0 0 1 0.18224002 0 8.50 0.00000000 1 NA 1 5.93261647 1.94591015
0 0 1 0.40542310 1 7.50 0.00000000 1 1 1 7.53021709 1.60943791
1 0 1 -0.74199943 0 9.50 0.00000000 1 1 1 6.55279315 1.38629436
0 0 0 0.28446771 1 4.75 3.89182030 1 1 1 6.44619590 0.00000000
1 0 0 -0.02525641 0 7.75 0.00000000 1 1 0 5.96614674 0.69314718
1 0 1 0.15495868 1 4.75 0.00000000 1 NA 1 6.18208491 2.07944154
1 0 0 0.12515337 0 5.00 0.00000000 0 NA 0 6.70318811 0.00000000
0 1 0 0.27293065 0 5.00 0.00000000 0 NA NA 5.87941504 1.79175947
0 0 1 0.32011913 0 5.00 0.00000000 1 1 1 6.18795607 1.38629436
1 0 0 0.09328377 0 4.75 0.00000000 1 1 NA 5.98680370 4.12713439
0 1 1 0.29039813 0 8.50 2.94443898 1 1 1 6.05678401 1.09861229
1 0 0 -0.56658874 1 3.25 4.60517019 0 1 1 5.65812241 4.09434456
1 1 0 0.17100372 1 4.75 3.93182563 1 1 1 5.59471138 1.79175947
1 0 1 0.23545174 1 4.00 3.17805383 1 1 1 6.53186839 0.00000000
1 1 0 0.42793501 1 6.00 2.48490665 1 NA 1 8.24695803 2.89037176
1 1 0 -0.49152542 1 5.00 NA 1 NA 1 6.56244409 4.34380542
0 1 1 0.23362445 1 4.75 2.99573227 1 1 1 6.12686918 2.07944154
1 0 1 -0.45717464 1 6.00 0.00000000 0 1 NA 7.71757377 1.09861229
1 0 1 0.29343481 1 4.00 2.99573227 0 NA NA 6.25444401 4.36944785
1 0 1 -0.28064617 1 8.00 2.48490665 1 1 1 7.55794277 0.00000000
1 0 0 0.28666667 1 7.75 2.07944154 1 1 0 5.70378247 1.60943791
1 0 1 0.13518013 0 4.25 0.00000000 0 1 1 6.47495494 0.69314718
0 0 1 -0.26986379 0 8.25 2.19722458 0 NA 1 7.47420481 0.00000000
1 0 0 0.25870303 1 8.50 3.25809654 1 1 1 5.89227937 1.79175947
1 1 0 0.19252529 0 6.75 2.48490665 0 1 1 6.36870163 2.94443898
1 0 0 0.15537678 0 8.25 3.13549422 1 1 1 7.96943730 2.39789527
1 0 0 0.17760000 0 4.50 2.19722458 1 1 NA 5.74460447 0.00000000
0 0 0 0.24098887 0 8.25 3.33220451 1 1 1 6.78152290 1.60943791
1 1 0 0.11452514 0 3.25 2.89037176 1 1 1 6.57368017 4.38202663
1 0 0 -0.14495482 0 9.00 0.00000000 0 1 1 7.88457651 0.69314718
1 0 0 -0.30832909 0 9.00 0.00000000 0 1 NA 6.44279491 2.30258509
0 1 1 0.33634992 0 8.25 2.48490665 1 NA 0 5.58048426 0.00000000
1 0 1 0.40216133 0 5.00 0.00000000 1 1 1 7.78376554 1.79175947
1 0 1 0.19400469 1 6.75 2.94443898 1 NA 1 8.31708234 0.00000000
0 1 0 0.04816891 1 9.00 3.13549422 1 1 1 5.96316795 3.85014760
1 0 0 -0.28167282 1 8.50 2.89037176 2 1 NA 6.00758393 4.02535169
0 0 1 -0.36284401 1 8.25 2.89037176 1 1 1 5.93653306 2.30258509
1 1 0 -0.44583333 1 8.50 3.04452244 1 1 1 5.48063892 2.07944154
1 0 0 0.01537729 1 7.25 0.00000000 1 1 1 10.21511806 2.19722458
1 0 1 -0.41036717 1 7.25 0.00000000 1 1 1 6.13772705 4.30406509
1 0 0 0.38583544 1 5.25 2.39789527 1 1 1 6.68393650 2.07944154
1 0 1 -0.15310508 1 7.25 0.00000000 0 1 1 6.15759320 4.29045944
1 0 1 -0.01420859 1 4.00 2.30258509 2 1 NA 6.01004093 3.87120101
1 0 1 0.10352673 1 8.50 3.61091791 1 1 1 6.77878490 3.17805383
0 1 1 -0.34973965 1 7.75 2.63905733 1 1 1 5.83997283 0.69314718
1 0 1 -0.55487758 1 4.50 2.99573227 0 1 1 6.47035049 0.69314718
0 1 0 -0.20348596 1 6.50 2.63905733 1 1 1 5.89012372 4.24849524
1 0 1 -0.26833373 1 7.00 4.83628191 0 1 1 6.72359203 0.69314718
1 1 1 0.38655534 1 7.50 2.89037176 1 1 1 5.86394363 2.63905733
1 0 0 -0.02528523 1 3.25 0.00000000 0 1 1 5.96399057 4.39444915
1 0 1 0.14436839 1 9.50 0.00000000 1 1 1 8.07527155 1.09861229
1 0 1 -0.01069774 1 8.25 0.00000000 2 1 NA 6.53785035 3.73766962
1 1 0 -0.01432002 1 5.00 0.00000000 1 1 1 6.12708750 1.94591015
0 1 0 -0.17279570 1 4.00 3.04452244 1 1 1 5.91889385 1.09861229
1 0 0 -0.17279570 1 4.25 2.48490665 0 1 1 5.91889385 0.69314718
0 1 0 0.28400000 1 9.50 0.00000000 1 1 1 5.52146092 0.00000000
1 0 1 0.00230524 1 8.75 3.29583687 0 1 1 8.04942706 0.69314718
1 0 1 -0.41006251 1 4.50 0.00000000 0 NA NA 7.59266865 3.09104245
1 0 1 0.16828961 1 6.50 2.99573227 1 1 1 6.77182100 3.66356165
1 0 1 -0.09901447 1 8.25 0.00000000 1 1 1 8.77863395 0.00000000
0 1 1 0.09422569 1 5.00 3.21887582 1 1 1 6.16739070 2.30258509
0 0 0 0.22436671 1 8.50 2.99573227 1 1 1 6.72022016 1.09861229
1 0 1 0.06723600 1 8.50 0.00000000 1 NA 1 5.74881957 0.69314718
0 0 1 0.04619475 1 8.50 3.40119738 1 NA 1 5.70677798 0.00000000
1 0 1 0.18198192 1 8.50 3.71357207 1 1 1 6.40550941 0.00000000
1 1 1 -0.00471691 1 8.50 0.00000000 1 1 1 7.14836147 0.00000000
0 0 0 -0.13911872 1 8.50 3.98898405 1 1 1 5.56010454 0.00000000
1 0 0 0.24405835 1 8.50 0.00000000 1 1 1 8.71620797 0.69314718
1 0 1 -0.33575033 1 9.00 0.00000000 1 1 1 7.08764054 0.00000000
0 0 0 0.20486556 1 9.50 3.93182563 1 1 1 8.60648530 3.09104245
0 1 0 -0.13431542 1 8.50 1.79175947 1 1 1 7.74413663 0.69314718
0 1 1 -0.01003861 1 7.00 0.00000000 0 1 1 6.47311879 1.60943791
1 0 0 -0.95545977 1 4.75 3.33220451 1 1 1 6.54534966 0.00000000
1 0 0 -0.62908868 1 4.75 2.77258872 1 1 1 5.97031752 0.69314718
1 0 0 0.06618887 1 4.75 0.00000000 1 1 1 6.16205085 1.09861229
1 1 0 0.12170448 1 4.75 1.94591015 1 1 1 6.48065787 3.82864140
1 0 1 -0.35292746 1 5.25 0.00000000 1 1 1 5.70408243 2.07944154
1 0 0 -0.01944841 1 5.00 3.43398720 0 1 1 5.79784946 2.19722458
1 0 0 -0.11757845 1 8.50 0.00000000 1 1 1 7.91706265 1.60943791
1 0 1 0.16601563 1 6.00 2.39789527 1 1 1 8.54090972 1.94591015
0 0 0 0.01822323 1 5.25 3.43398720 1 1 1 6.08449941 4.31748811
1 0 1 -1.30805629 1 4.75 2.39789527 1 1 1 6.34670596 1.38629436
1 0 1 -0.14401254 1 4.25 0.00000000 0 1 0 5.89580681 3.43398720
1 0 1 0.03051670 1 8.00 1.09861229 1 1 1 6.55193711 0.00000000
0 0 0 0.07534247 1 8.75 0.00000000 1 NA 1 5.67675380 1.09861229
1 0 1 -0.63380282 1 6.00 4.14313473 1 1 1 5.64897424 1.38629436
1 0 1 0.44727520 1 6.75 0.00000000 1 1 1 5.90536185 0.00000000
1 0 1 -0.29582155 1 4.75 0.00000000 2 1 NA 5.63225067 1.60943791
1 0 0 0.31886581 0 7.00 2.89037176 2 1 NA 7.17306904 2.39789527
1 0 1 -0.04722798 1 4.00 3.36729583 1 1 1 7.84806327 2.19722458
0 1 1 0.23886640 1 4.25 3.33220451 1 1 1 5.50938834 0.69314718
1 0 0 0.14532020 1 4.00 0.00000000 1 NA 1 6.00635316 2.30258509
1 0 1 -0.18260870 1 4.00 0.00000000 0 1 1 5.43807931 0.69314718
0 0 1 -0.18373913 1 5.00 3.97029191 1 NA 1 5.43807931 0.69314718
0 1 1 0.09476662 1 8.50 3.73766962 1 1 1 6.74335222 0.69314718
0 0 0 0.16604965 1 8.25 0.00000000 1 1 1 5.54755742 0.69314718
1 0 1 0.10663317 1 7.75 0.00000000 1 1 1 5.98645201 0.00000000
1 0 0 0.25497801 1 8.50 1.60943791 1 1 1 7.93281431 3.25809654
1 0 0 -0.60978908 1 6.00 2.30258509 0 NA NA 5.21981514 0.00000000
0 1 0 -0.14634236 0 8.50 3.73766962 0 1 1 5.60642687 3.17805383
1 0 1 -0.57379651 1 7.75 2.48490665 1 1 1 5.42424492 2.07944154
1 0 0 -0.01638893 1 9.00 4.18965474 0 1 1 6.58768775 0.00000000
1 0 1 -1.84995282 1 9.50 0.00000000 1 1 1 5.76173687 1.09861229
1 0 0 0.00797166 1 8.50 3.09104245 2 1 0 6.92372705 3.33220451
1 0 1 0.03663004 1 8.25 0.00000000 1 1 1 5.60947180 2.99573227
0 1 0 0.19730942 1 5.25 3.29583687 1 NA 1 6.10031895 2.07944154
1 1 1 -0.08126036 1 6.00 3.09104245 0 1 1 6.40191720 1.38629436
1 1 0 -0.13680154 1 5.25 2.48490665 1 NA NA 6.02876033 0.00000000
1 0 0 -0.42209444 1 6.00 2.56494936 0 1 1 6.11401398 3.52636052
1 0 0 -0.19663913 1 6.00 2.56494936 2 NA NA 7.03789718 0.00000000
0 1 0 0.22705314 1 4.75 1.38629436 1 NA 1 6.02586597 0.00000000
1 1 1 0.10869565 1 7.75 3.21887582 1 1 1 5.43807931 1.38629436
1 0 0 -1.04000000 1 8.50 2.94443898 2 1 NA 5.85793315 2.30258509
1 0 0 -0.07909982 1 4.75 0.00000000 1 NA 1 7.89833682 1.60943791
0 1 1 0.61359223 1 8.25 2.48490665 1 1 1 6.24416690 1.38629436
0 0 1 0.20584379 1 9.50 3.52636052 1 1 1 6.97335574 0.00000000
1 0 0 -0.31376518 1 6.00 0.00000000 2 1 NA 6.89568270 1.94591015
0 0 0 0.02059497 0 8.75 0.69314718 0 1 1 6.07993320 3.33220451
1 0 0 -0.16744149 0 7.25 0.00000000 2 NA NA 7.82212417 0.00000000
0 0 1 0.14668149 0 7.75 2.39789527 1 NA 1 5.86010223 3.58351894
0 1 0 -0.08006083 0 8.50 0.00000000 1 1 1 7.66715826 3.78418963
1 0 0 0.16117758 0 9.50 0.00000000 1 1 0 6.61190662 3.89182030
0 0 1 0.24242912 0 7.00 4.46590812 1 1 1 9.97578403 2.07944154
1 0 1 -0.74218412 0 5.25 0.00000000 0 NA 1 9.53834832 1.60943791
1 0 0 -0.74050633 1 4.75 2.19722458 0 NA NA 5.39906727 1.38629436
1 0 0 0.24211025 1 9.50 0.00000000 0 NA 1 6.45062839 0.69314718
1 1 0 -0.93731809 1 5.00 0.00000000 1 1 1 11.41913114 2.48490665
1 0 1 0.04849942 1 4.00 0.00000000 1 1 1 6.39487755 1.09861229
1 1 1 0.57801418 1 6.00 1.94591015 1 NA 1 6.33505425 2.94443898
1 0 1 -0.02319588 1 7.75 3.36729583 1 1 1 5.96100534 0.00000000
1 0 1 0.14424242 1 8.50 3.58351894 1 1 1 7.40853057 2.48490665
1 0 1 0.21284252 1 9.50 2.70805020 1 1 1 9.23552067 1.38629436
1 0 0 -0.45999819 0 9.50 0.00000000 1 1 1 6.09013272 1.94591015
1 0 0 -0.02745064 0 9.50 2.39789527 1 1 1 7.74482963 0.00000000
1 0 0 -6.56839545 0 8.50 0.00000000 0 1 1 6.12334771 3.98898405
1 0 0 0.20668693 0 4.75 0.00000000 1 NA 1 5.79605775 0.00000000
1 0 0 0.23233114 0 4.75 0.00000000 0 NA 1 6.59085035 0.69314718
1 0 0 -0.32241103 0 4.75 3.80666249 1 NA 1 6.09386318 0.00000000
1 0 0 0.02807565 0 4.75 0.00000000 2 1 NA 6.93322807 1.09861229
1 0 0 -0.80370904 0 4.00 0.00000000 2 NA NA 5.46459423 4.20469262
1 0 1 0.01456449 0 8.00 2.94443898 1 1 1 8.06646813 2.63905733
0 1 0 0.62487977 0 7.00 1.09861229 1 NA 1 5.74268262 0.69314718
1 0 0 -0.02823867 0 4.75 0.00000000 1 1 1 7.89093053 1.60943791
1 0 1 0.05905162 1 9.50 3.40119738 1 1 1 7.94133114 3.52636052
1 0 0 -0.22330961 1 9.50 3.17805383 0 1 1 5.41521112 0.69314718
1 0 0 -0.04702278 1 9.00 3.17805383 0 1 1 6.62100610 NA
1 0 0 -0.05067185 1 8.25 3.73766962 1 1 1 6.42600290 0.00000000
0 1 0 0.15162455 1 9.00 3.73766962 1 1 1 5.62401751 0.00000000
1 0 1 0.04943503 1 4.75 3.09104245 1 1 1 7.25559127 0.69314718
1 0 1 0.00841445 1 5.00 3.36729583 1 1 1 7.50565728 4.35670883
1 0 1 0.16604103 1 6.75 3.25809654 1 1 1 7.63781763 1.79175947
1 0 1 -0.20717022 1 5.00 3.40119738 1 1 1 6.99960493 4.02535169
1 0 1 0.02893975 1 5.00 2.70805020 0 1 1 8.83534142 2.89037176
0 1 1 0.32223881 1 5.25 3.17805383 1 1 1 6.68959927 0.69314718
0 0 1 0.13788781 1 4.00 3.17805383 1 1 1 8.06808963 1.09861229
1 0 1 -0.09084163 1 4.50 0.00000000 0 1 1 6.69524252 2.19722458
1 0 0 -0.11871189 1 5.00 3.25809654 1 1 1 8.56560233 1.94591015
1 0 1 -0.33631458 1 8.25 3.66356165 2 1 NA 6.76964198 2.19722458
1 0 1 -0.20134997 1 4.75 3.17805383 1 1 1 9.71673620 2.19722458
1 0 1 0.07378825 1 5.50 0.00000000 1 1 1 8.90734160 3.49650756
0 0 0 0.13838579 1 6.00 0.00000000 1 NA 1 6.43866323 0.00000000
0 0 0 0.25548351 1 9.00 2.56494936 1 NA 1 6.71175256 0.00000000
1 1 0 0.13098502 1 9.50 3.04452244 1 1 1 6.16141827 1.09861229
1 1 0 -0.07082631 1 9.50 3.04452244 1 NA 1 5.87436878 3.40119738
1 0 1 -0.16481171 1 9.50 3.09104245 0 1 1 6.48600834 0.69314718
0 0 1 0.04073933 1 6.00 3.82864140 1 1 1 7.36162953 0.00000000
1 0 0 -2.07514280 1 4.75 3.40119738 0 1 1 6.00674717 3.36729583
1 0 0 0.51266147 0 7.75 1.94591015 1 1 1 6.06113053 1.09861229
1 0 1 -0.38873714 1 8.50 0.00000000 0 NA 1 6.04270409 3.04452244
1 1 1 0.18355360 1 9.50 1.09861229 1 1 1 7.62217459 3.87120101
1 0 0 -0.11093714 1 5.50 3.13549422 0 1 1 5.70434898 2.48490665
1 0 1 -0.03215768 1 7.75 0.00000000 1 NA 1 5.26165338 NA
1 1 1 0.09848485 1 7.75 3.17805383 1 1 1 5.98141421 0.00000000
0 1 0 0.18157634 1 8.25 2.48490665 1 1 1 5.68088908 0.00000000
1 0 0 0.24906987 1 4.00 2.39789527 1 1 1 5.68007021 0.00000000
1 0 0 -0.03901797 1 8.50 2.99573227 1 1 1 5.42978413 0.00000000
1 0 1 0.13872832 0 6.75 2.83321334 1 1 1 5.84643878 2.56494936
1 0 1 0.07455013 0 8.50 3.25809654 2 1 NA 5.36574234 1.38629436
1 0 0 -0.07049180 0 4.75 0.00000000 1 NA 1 5.72031178 0.00000000
1 0 0 0.12731674 0 5.00 3.17805383 1 1 1 10.13448022 1.38629436
1 0 0 0.11470282 0 3.25 0.00000000 1 NA 1 6.86589107 0.69314718
0 0 0 -0.12756808 0 8.50 3.55534806 1 NA 1 5.34376863 0.00000000
0 0 1 -0.03605313 0 8.50 0.00000000 1 NA 1 5.57405337 1.38629436
0 1 0 0.16836248 0 6.50 4.89783980 1 1 1 6.78060349 0.00000000
1 0 0 -0.28466011 0 8.25 3.09104245 2 1 1 6.79615310 0.69314718
1 0 0 -0.09976247 0 4.25 1.94591015 1 1 1 6.04263283 0.00000000
1 0 1 -0.16883952 0 6.75 0.00000000 2 NA NA 6.30005158 0.00000000
1 0 1 0.05357735 0 4.75 1.94591015 1 1 1 6.70145655 0.69314718
1 0 1 0.28874269 0 6.75 NA 1 1 1 7.91425228 1.60943791
1 0 0 0.24270750 0 4.00 4.04305127 2 1 NA 6.37193658 1.60943791
1 0 1 0.33713915 0 8.50 0.00000000 1 1 1 7.01106068 3.36729583
0 0 0 0.36353973 0 9.50 0.00000000 1 NA 1 6.62353388 0.69314718
0 1 0 0.29185780 0 9.50 2.63905733 1 1 1 5.85449869 1.09861229
1 0 0 -0.32585670 0 6.75 2.19722458 1 1 1 8.99031695 0.69314718
0 0 0 0.02010520 0 4.00 2.19722458 1 1 1 9.05427119 1.09861229
0 0 0 0.12169892 0 8.25 0.00000000 1 1 1 7.13087483 2.39789527
1 0 0 -0.25315353 0 4.50 0.00000000 1 1 1 9.98971112 1.60943791
1 0 0 -0.20111095 0 4.50 2.48490665 1 1 1 9.54980812 2.39789527
0 1 0 0.24664286 0 4.75 3.33220451 1 NA 1 6.51864569 3.91202301
1 0 1 0.20280773 0 7.75 3.25809654 1 NA 1 6.89060912 0.00000000
1 0 1 0.12549913 0 8.25 0.00000000 1 1 1 5.71383181 1.60943791
1 0 1 -0.08162163 0 4.00 0.00000000 1 1 1 6.76848172 1.09861229
1 0 0 -0.02019120 0 4.25 1.09861229 0 1 1 7.24466313 1.09861229
0 0 0 0.51283505 0 8.25 2.63905733 1 1 1 7.02868890 2.56494936
0 1 0 -0.11684750 1 8.50 3.33220451 1 1 1 5.80453238 2.83321334
1 0 0 0.12755088 0 8.50 0.00000000 1 1 0 8.22654673 0.00000000
1 0 0 0.56687800 0 9.00 2.30258509 1 NA 1 6.12211993 2.07944154
0 0 0 -0.55494320 0 8.00 0.00000000 0 1 0 7.26021334 1.09861229
1 0 0 0.23295965 0 8.25 3.33220451 1 1 1 5.96565944 2.48490665
1 1 0 -0.25429273 0 9.00 0.00000000 1 NA 0 7.67572696 1.09861229
0 1 0 -0.19203149 0 7.75 4.89783980 1 1 1 7.01448186 0.00000000
1 0 0 -0.16054637 0 8.25 2.07944154 1 1 1 7.61114978 3.76120012
0 0 0 0.34405941 0 8.75 0.00000000 1 NA 0 6.69456206 3.29583687
1 0 0 -0.36339584 0 9.50 2.89037176 1 NA 1 7.09794579 0.69314718
0 1 0 -0.58425609 0 9.00 3.13549422 1 NA 1 5.69716060 0.00000000
1 0 0 0.00554649 0 9.00 0.00000000 1 1 1 8.02780285 1.60943791
1 0 0 -0.12074099 0 9.50 1.38629436 0 1 NA 7.32085781 2.39789527
0 1 0 -0.23685511 0 9.50 2.19722458 0 NA NA 7.94937385 1.79175947
0 1 0 0.07971975 0 9.50 2.07944154 1 1 1 6.96243284 3.04452244
0 1 0 -0.00610094 0 8.75 NA 1 NA 1 7.49720722 0.69314718
0 1 1 0.55030675 1 9.00 0.00000000 1 NA 1 7.39633529 1.09861229
1 0 0 -0.22277617 0 9.50 0.00000000 1 1 1 5.94306181 1.38629436
1 0 0 -0.27165354 0 9.50 3.04452244 1 1 0 5.53733427 0.69314718
1 0 0 0.14832275 0 8.00 4.46590812 1 1 1 7.54433211 1.60943791
1 0 0 0.12359421 0 8.00 NA 1 1 1 8.15383885 1.60943791
1 0 0 -2.14380636 0 9.00 NA 1 NA 1 8.34616759 1.38629436
1 0 0 0.03850603 0 9.00 0.00000000 0 NA 1 8.46697301 1.38629436
1 0 0 -0.24404849 0 7.50 0.00000000 0 1 0 9.47471032 1.79175947
1 0 0 -0.19392523 0 7.50 0.00000000 0 NA 1 8.69818053 3.25809654
1 0 0 0.15580183 0 8.00 2.07944154 0 NA NA 6.41934325 4.06044301
1 1 1 0.46153846 0 8.50 0.00000000 1 NA 1 5.60947180 0.00000000
0 0 0 0.16258824 0 8.50 0.00000000 1 NA 1 5.54126355 1.09861229
0 1 0 0.66039506 0 8.50 2.89037176 1 1 1 6.00388707 3.95124372
0 0 0 -0.27601626 0 9.00 3.21887582 1 1 1 6.78626538 0.00000000
1 0 1 0.57763150 0 6.75 2.30258509 1 1 1 11.55131891 1.94591015
1 1 0 0.26221550 0 7.00 3.13549422 0 NA 1 8.97847136 1.79175947
0 1 0 -0.63003663 0 7.00 2.19722458 1 NA 1 6.19725846 0.00000000
1 0 0 0.04084026 0 7.00 3.66356165 0 NA 0 6.77798822 3.63758616
1 0 0 -0.13694135 0 4.75 0.00000000 0 NA 1 7.67957500 0.69314718
0 1 0 -0.86964413 0 4.75 1.94591015 1 NA 1 6.28125689 0.69314718
1 0 0 -0.07674910 0 4.75 3.43398720 1 1 1 6.59238678 1.38629436
0 1 0 0.53028634 0 5.00 NA 1 NA 1 8.19753874 1.09861229
1 0 0 -0.04975504 0 5.50 2.48490665 1 NA 1 5.90645117 4.07753744
1 0 1 -1.39680426 0 6.00 2.70805020 0 NA 0 5.80042510 1.94591015
0 1 0 0.38443936 0 4.75 0.00000000 1 1 1 8.02584334 1.09861229
0 0 0 0.03066889 0 4.75 0.00000000 1 NA 1 7.27323138 1.09861229
1 0 1 0.00713452 0 4.50 0.00000000 0 1 1 8.11207502 3.63758616
1 0 0 -0.23968850 0 4.25 2.48490665 0 NA 1 7.33260463 1.79175947
1 0 0 0.12321407 0 7.50 0.00000000 1 NA 1 7.40110916 1.60943791
1 0 0 -0.91011031 0 4.00 0.00000000 2 1 NA 5.94926139 2.07944154
0 1 0 0.70165922 1 9.50 0.00000000 1 NA 1 7.13377469 0.69314718
1 0 1 -0.12290739 0 3.25 0.00000000 0 NA 1 7.79686801 3.66356165
1 0 0 -0.92955535 0 5.00 0.00000000 0 1 0 6.96318999 1.79175947
1 1 0 -5.15202494 0 7.75 2.30258509 1 1 1 5.82897503 4.26267988
0 0 1 -0.00084646 0 8.00 3.33220451 1 NA 0 6.23048145 3.61091791
1 0 1 -0.33530455 0 7.00 0.00000000 0 1 NA 6.00595899 2.56494936
0 0 0 0.06779941 0 4.25 1.79175947 1 NA 1 7.50322348 0.00000000
1 0 1 -1.68812819 0 6.00 0.00000000 1 NA 1 5.85283446 2.07944154
1 0 0 -0.07823613 0 8.50 0.00000000 2 1 NA 5.86220971 1.09861229
1 0 0 0.12389143 0 8.50 3.82864140 0 NA 0 5.91916264 1.38629436
1 0 0 -0.60218319 0 8.50 0.00000000 0 1 NA 5.42578667 2.99573227
1 0 0 0.25635793 0 8.00 0.00000000 1 1 1 6.44121764 1.79175947
1 0 0 -2.85141661 0 4.75 0.00000000 0 NA 1 5.51536236 3.40119738
1 0 0 -1.45469522 0 7.25 2.48490665 1 1 1 5.49223806 1.60943791
0 1 0 -0.40116279 0 7.75 3.17805383 1 1 1 5.84064166 3.52636052
0 1 0 0.64300626 0 8.50 0.00000000 1 1 1 6.17170060 0.69314718
0 0 0 0.45802338 0 9.00 3.09104245 1 1 1 5.93065241 2.19722458
1 0 0 0.35908509 0 7.00 0.00000000 1 NA 1 8.74065669 0.69314718
1 0 0 0.22476262 0 5.00 2.19722458 0 NA 1 8.07140596 1.38629436
1 0 0 -0.76902310 0 7.00 NA 0 NA 1 6.57730487 1.94591015
1 1 0 0.27763700 0 8.25 0.00000000 1 1 1 5.57750093 1.09861229
1 0 1 0.00058868 0 6.00 0.00000000 1 1 0 5.47151409 1.09861229
0 1 0 -0.01385670 0 9.00 0.00000000 1 NA 1 5.99458467 0.69314718
1 0 1 -0.30911628 0 8.25 3.04452244 2 NA NA 5.49565068 0.69314718
1 0 0 0.08400036 0 9.00 0.00000000 1 NA 1 9.99825213 0.00000000
1 0 0 0.18568117 0 4.75 0.00000000 1 1 1 9.87380124 0.00000000
1 0 1 -0.06122556 0 4.75 0.00000000 0 1 1 9.29502062 2.77258872
0 0 0 -0.12120831 0 4.75 2.70805020 0 NA 1 8.98029808 0.00000000
1 0 1 0.18302004 0 5.25 0.00000000 1 1 1 10.21156362 3.46573590
1 0 1 0.26289663 0 4.75 0.00000000 1 1 0 6.49642802 0.00000000
1 1 1 -0.10648918 0 4.75 0.00000000 1 1 1 6.39859493 1.09861229
0 1 1 0.21282210 0 8.50 2.70805020 0 NA 1 6.24486569 2.48490665
1 0 0 -0.34270877 0 8.50 NA 0 1 1 7.04549779 2.19722458
0 0 0 0.18431373 0 8.50 2.56494936 1 1 1 5.54126355 3.13549422
1 0 1 0.16067146 0 8.50 0.00000000 1 NA 1 6.03308622 0.00000000
0 0 1 0.45333333 0 9.00 0.00000000 1 1 1 5.41610040 0.69314718
1 0 0 0.03901437 0 8.25 0.00000000 1 1 1 6.18826412 2.70805020
0 0 1 0.22432210 0 6.00 2.56494936 1 1 1 5.79481077 0.00000000
0 1 0 0.26421405 0 8.25 3.46573590 1 1 1 6.53335270 0.69314718
1 0 1 0.47641832 0 9.00 3.17805383 1 1 1 9.59082949 1.38629436
0 0 0 0.16944626 0 6.00 2.94443898 1 NA 1 5.29063796 0.00000000
1 0 1 -0.14465247 0 6.00 0.00000000 2 1 0 5.96589030 2.89037176
0 1 1 0.23750560 0 7.75 0.00000000 0 NA 1 8.18088094 0.00000000
1 0 1 0.33924692 0 9.50 0.00000000 1 1 0 7.00741960 1.60943791
0 0 0 0.46093750 0 8.50 2.83321334 1 NA 1 5.95064255 0.00000000
0 1 1 0.25215348 0 7.00 3.43398720 0 1 0 5.54283094 1.38629436
1 1 1 0.24607330 1 8.50 2.94443898 1 1 1 6.35088572 3.58351894
1 0 0 0.02773246 0 8.25 0.00000000 1 1 1 6.41836494 2.94443898
0 0 0 0.08471020 0 9.50 2.99573227 1 NA 1 5.94358647 3.91202301
0 0 1 0.47303265 0 4.75 3.68887945 1 NA 1 6.02680756 0.00000000
0 1 1 0.16364490 0 8.75 0.00000000 1 1 1 7.46489372 3.80666249
0 0 1 0.25354131 0 8.75 2.94443898 1 1 1 7.36334300 3.21887582
1 0 1 0.13639672 0 4.75 4.00733319 1 1 1 8.20385137 3.73766962
0 0 1 0.00052994 0 7.75 2.56494936 1 1 1 7.54274355 3.49650756
1 0 1 0.38872170 0 9.50 0.00000000 0 NA NA 7.31230664 0.69314718
1 0 1 -0.38266860 0 8.50 0.00000000 0 1 1 7.11319097 3.04452244
0 0 1 0.29270788 0 7.00 0.00000000 1 1 1 7.91469078 1.09861229
1 0 1 0.04296229 0 5.50 0.00000000 0 1 1 7.00351990 1.60943791
0 1 0 0.61125888 0 7.75 2.63905733 1 1 1 5.83519078 0.00000000
0 1 1 0.41273101 0 9.00 0.00000000 1 NA 1 6.18826412 3.36729583
0 0 1 0.09818182 0 8.50 0.00000000 1 1 1 6.30991828 3.09104245
0 0 0 0.24483317 0 8.75 0.00000000 1 1 1 5.73236993 0.00000000
1 0 1 0.22434460 0 8.25 0.00000000 0 1 1 7.16479772 0.00000000
0 0 1 0.19580936 0 9.50 2.99573227 1 1 1 6.51870471 0.69314718
1 0 0 0.08285778 0 5.00 0.00000000 0 NA 1 6.29105049 3.04452244
0 0 NA 0.05533761 0 8.50 3.58351894 0 1 1 5.58010711 2.07944154
0 0 0 0.15105405 0 8.50 2.48490665 1 1 1 7.36343810 3.29583687
1 0 1 0.15733027 0 8.00 1.79175947 1 NA 1 5.34166417 0.69314718
1 0 1 0.18512658 0 7.25 2.56494936 1 1 1 6.78536163 2.89037176
0 0 1 0.29360592 0 7.75 2.56494936 1 1 NA 7.04708234 2.30258509
1 0 0 0.12461570 0 8.25 0.00000000 1 1 1 8.49269556 2.63905733
0 0 0 0.19877737 0 9.50 2.19722458 1 1 1 7.59875014 1.09861229
0 1 0 0.33717883 0 7.25 0.00000000 1 1 1 5.80510485 2.70805020
1 0 1 -0.35149403 0 6.00 2.89037176 0 1 1 7.24009040 1.38629436
1 1 1 -0.72361809 0 8.25 0.00000000 2 1 NA 5.29330482 0.69314718
1 0 1 -0.77849117 0 8.25 0.00000000 1 1 1 6.43454652 1.09861229
1 0 0 -0.39542703 0 8.50 2.89037176 2 1 NA 6.79369032 1.09861229
1 0 1 0.08609170 0 7.75 4.49980967 0 1 NA 5.56229571 1.60943791
0 1 0 -0.00327704 0 8.25 2.89037176 1 1 1 6.67632751 1.60943791
1 0 1 -1.38123515 0 8.00 3.76120012 2 1 NA 6.73578001 1.79175947
0 0 1 -0.09777564 0 8.50 3.71357207 1 1 1 5.74444446 0.00000000
1 0 0 0.16749380 0 4.75 0.00000000 1 1 1 6.69208374 1.09861229
1 0 0 0.35013364 0 4.00 0.00000000 1 1 1 7.87054784 0.00000000
1 0 1 0.21114370 0 4.00 2.77258872 2 1 NA 5.83188248 2.48490665
0 0 0 0.26050420 0 5.25 2.70805020 1 1 1 5.87773578 1.79175947
1 1 1 0.12216042 0 5.00 2.30258509 1 1 1 6.39178310 4.04305127
0 0 1 0.64604754 0 6.00 2.89037176 1 1 1 5.89910252 0.00000000
1 0 NA -0.58944241 0 8.75 0.00000000 1 1 1 5.38815807 3.29583687
1 0 0 -0.13576953 0 7.75 0.00000000 1 1 1 6.31840940 0.00000000
1 0 1 0.43275901 0 7.75 0.00000000 1 1 1 6.79548204 1.94591015
0 0 1 0.47200464 0 8.00 0.00000000 0 1 1 6.53582165 1.09861229
0 1 0 0.27471783 0 8.50 0.00000000 1 1 1 6.09356977 1.94591015
0 0 1 -0.05263158 0 9.50 2.99573227 1 1 1 5.50166629 0.00000000
1 0 1 0.18339100 0 4.25 2.63905733 1 1 1 6.49933581 1.38629436
0 1 1 0.26674149 0 9.00 4.34380542 1 1 1 5.58837162 0.00000000
0 0 0 0.18524009 0 8.25 2.48490665 1 1 1 7.46186451 1.38629436
1 0 1 -0.19753730 0 6.00 4.06044301 2 NA NA 6.35574301 0.69314718
1 0 1 -0.10017123 0 8.25 3.29583687 1 1 1 6.83990461 0.00000000
1 0 1 0.36650652 0 8.00 0.00000000 1 1 1 7.28413481 1.09861229
0 0 0 0.26434097 0 7.75 3.25809654 1 1 1 5.83641763 0.00000000
1 0 0 0.38183668 0 6.00 2.77258872 1 1 0 5.97406403 0.69314718
0 0 0 0.33902878 0 8.50 2.56494936 1 1 1 5.40447756 1.09861229
0 1 0 0.16025641 0 8.50 3.66356165 1 NA 1 6.14846830 0.00000000
0 0 0 0.40122798 0 7.50 0.00000000 1 1 1 8.22844388 0.00000000
1 1 0 0.59254082 0 4.00 2.39789527 1 1 1 5.81779545 4.21950771
0 0 1 0.16861589 0 7.75 2.48490665 1 1 1 6.66777071 0.69314718
1 0 1 -0.56803237 0 7.25 2.99573227 1 1 1 5.28675073 2.99573227
0 0 0 0.10948140 0 4.75 2.99573227 1 1 1 5.43407129 4.11087386
1 0 1 -0.08613445 0 4.25 0.69314718 2 1 NA 6.16541785 4.18965474
1 0 1 -0.72745052 0 8.25 0.00000000 0 1 NA 7.43094416 0.00000000
1 0 1 0.52677672 0 8.50 2.77258872 1 1 1 7.60344921 0.00000000
1 0 0 0.22495398 0 8.25 0.00000000 0 NA 1 6.15831284 1.60943791
1 0 0 0.11154985 0 8.50 3.25809654 0 NA NA 5.49355515 2.94443898
0 0 0 0.31904999 0 7.75 2.77258872 1 1 0 5.88959792 1.09861229
1 0 1 -0.19798383 0 8.25 2.48490665 1 1 1 6.85888011 3.95124372
1 0 1 0.00996678 0 4.25 3.33220451 1 1 1 5.70711026 2.19722458
1 0 1 0.16202532 0 8.25 0.00000000 1 1 1 5.97888576 1.60943791
1 0 0 0.10188679 0 9.00 2.83321334 0 1 1 5.57972983 1.09861229
0 0 0 0.05871091 0 9.50 0.00000000 1 1 1 5.74748033 1.38629436
1 0 0 0.24719631 0 7.50 4.02535169 1 1 1 5.35762347 0.69314718
0 0 0 0.46590909 0 8.25 0.00000000 1 1 1 5.57594910 1.38629436
0 0 0 0.10492505 0 8.50 0.00000000 1 1 1 6.14632926 0.69314718
0 1 0 0.01168014 0 5.00 0.00000000 1 NA 1 6.34146980 1.94591015
1 0 1 0.62428571 0 4.00 0.00000000 1 1 1 6.10479323 0.00000000
0 0 0 0.13885303 0 8.50 0.00000000 1 1 1 7.39443164 0.00000000
1 0 0 0.11375661 0 4.75 3.13549422 1 1 1 7.54433211 3.33220451
1 0 1 0.25971231 0 4.25 3.85014760 0 NA 1 6.76734313 1.94591015
1 0 1 0.12360367 0 7.75 3.46573590 1 1 1 5.39462705 0.69314718
0 1 0 0.32458833 0 8.75 0.00000000 1 1 1 6.57451780 0.69314718
1 0 0 0.00440852 0 8.25 2.39789527 2 NA NA 5.60653709 3.33220451
0 0 1 0.41770502 0 7.75 0.00000000 1 1 1 5.50362276 0.69314718
0 1 0 -0.75934190 0 9.50 3.52636052 1 NA 1 7.85442001 0.69314718
1 0 1 0.50119617 0 9.50 3.17805383 0 1 1 6.72862861 3.52636052
0 1 0 0.45412256 0 9.50 3.25809654 1 NA 1 7.65287802 1.09861229
0 1 0 -0.30072464 0 8.50 2.77258872 0 NA 1 5.62040087 3.98898405
0 0 1 0.02517408 0 8.00 0.00000000 1 NA 1 6.61579741 0.00000000
0 0 1 0.13867946 0 9.50 2.83321334 1 1 1 9.07726602 0.00000000
1 0 1 -1.02469894 0 7.75 3.21887582 2 1 NA 6.12225155 1.94591015
0 0 0 0.11924815 0 9.50 1.38629436 1 1 1 8.26729490 2.77258872
1 0 0 -0.26943942 0 8.50 0.00000000 2 NA NA 6.31535800 4.04305127
1 0 1 0.00360461 0 6.00 4.06044301 1 1 NA 7.62431621 1.79175947
1 0 1 0.00267299 0 4.00 4.06044301 0 1 NA 7.61649526 1.60943791
1 0 1 0.20976869 0 8.50 NA 1 1 1 8.44975126 3.21887582
1 0 1 0.24238107 0 8.00 4.34380542 0 1 1 6.02610749 3.71357207
1 0 1 -0.04152025 0 5.00 2.19722458 0 NA 1 9.38267136 2.30258509
1 0 1 -1.65634171 0 8.25 0.00000000 2 1 NA 6.26941820 1.60943791
1 0 0 0.66773913 0 9.50 2.63905733 1 1 1 6.35437004 0.00000000
1 0 1 0.18062397 0 5.25 3.13549422 2 1 NA 7.79811263 2.19722458
1 0 1 0.25639535 0 9.50 0.00000000 1 1 1 7.45007957 3.93182563
0 0 1 0.21920115 0 8.50 0.00000000 1 1 1 6.72287044 2.89037176
0 0 0 0.20741325 0 8.50 0.00000000 1 NA 1 5.53575822 1.38629436
1 0 1 0.21769447 0 7.75 0.00000000 1 1 1 6.96452306 0.00000000
0 1 1 0.81405137 0 8.50 2.63905733 1 1 0 6.54209725 1.38629436
1 0 1 0.27964602 0 9.50 0.00000000 1 1 1 7.05953171 3.13549422
1 0 1 0.01690821 0 9.50 3.21887582 0 1 NA 6.02586597 1.60943791
1 0 1 0.01112914 0 4.75 2.94443898 0 1 1 6.75995108 0.00000000
0 0 0 -0.33006429 0 6.00 2.70805020 0 NA 1 7.41150795 2.30258509
0 0 0 0.10430565 0 3.25 3.46573590 1 1 1 6.98124735 2.30258509
0 0 0 -0.15932414 0 3.25 3.71357207 1 1 1 6.87181717 1.60943791
1 1 0 0.22383721 0 3.25 3.17805383 1 1 NA 7.22693602 0.69314718
0 1 0 0.72480000 0 3.25 0.00000000 1 1 1 6.43775165 1.94591015
1 1 0 0.16701607 1 3.25 2.56494936 1 1 1 5.87983442 2.39789527
1 0 1 -0.42427205 1 3.25 3.29583687 2 NA NA 6.84694314 1.38629436
1 0 1 0.12820513 0 3.25 0.00000000 0 1 1 6.79905586 0.00000000
0 1 1 0.90172745 0 9.00 0.00000000 1 NA NA 6.22299285 1.94591015
1 1 0 -0.28043478 0 7.75 0.00000000 1 1 1 5.43807931 3.61091791
1 0 0 0.27923628 0 9.00 3.25809654 0 NA 1 6.03787092 0.69314718
0 1 0 0.86976207 0 4.75 3.25809654 1 NA 0 6.31783233 1.38629436
1 0 0 -0.67505395 0 6.00 0.00000000 1 1 1 6.27842761 1.79175947
0 0 0 0.02358420 0 7.50 3.21887582 1 NA 1 5.58454839 4.27666612
0 1 0 -0.03489731 0 5.00 2.39789527 1 NA 1 8.00453255 2.63905733
0 1 1 0.28710125 0 8.50 2.56494936 1 1 1 5.88749196 1.60943791
1 1 0 0.28782111 0 4.75 0.00000000 1 NA 1 6.77389240 0.00000000
1 1 1 -0.29553571 0 6.00 4.35670883 1 NA 1 5.97126184 2.77258872
1 0 0 0.02079487 0 4.75 0.00000000 2 1 NA 6.49336042 1.79175947
0 1 1 0.20363636 0 3.25 2.99573227 1 1 1 5.61677110 2.70805020
1 0 1 0.08604267 0 4.75 0.00000000 1 1 1 8.24424734 1.38629436
1 0 1 0.13653328 0 9.50 0.00000000 1 1 1 8.78532540 3.43398720
0 0 1 0.01375993 0 6.75 4.02535169 1 1 1 8.40503182 1.38629436
1 0 1 -0.01045296 0 7.75 0.00000000 0 1 1 6.35262940 2.89037176
0 1 0 -0.41132220 0 7.75 0.00000000 1 NA 0 5.05535369 1.09861229
1 0 1 0.25325077 0 8.00 0.00000000 1 NA 1 6.69394306 2.30258509
0 0 0 0.46979580 0 8.25 2.07944154 1 1 1 5.92855137 1.09861229
1 1 1 0.32421097 0 8.75 0.00000000 1 1 1 7.55349634 0.00000000
1 0 1 -0.20525805 0 8.25 4.64439090 0 1 1 7.05036534 1.60943791
0 0 0 -1.29110106 0 3.25 2.89037176 1 NA 1 6.49677499 1.94591015
1 0 1 -0.79177716 0 4.00 0.00000000 1 NA 1 6.00020127 2.63905733
1 1 0 0.29203540 0 6.00 NA 1 1 1 7.12528309 4.00733319
1 0 1 0.09002425 0 5.00 0.00000000 0 NA 1 8.01659839 2.07944154
1 0 1 -0.11615257 0 5.00 0.00000000 1 1 1 8.67105354 1.79175947
1 0 1 -0.35124431 0 5.25 0.00000000 0 NA 1 6.83974407 1.60943791
1 0 0 0.11166459 0 6.50 2.56494936 1 NA 0 5.48438191 0.69314718
1 0 0 -1.39320871 0 8.50 0.00000000 1 1 NA 5.40024199 1.38629436
1 0 1 -3.52907226 0 8.25 0.00000000 2 1 NA 5.98335677 3.55534806
1 1 1 -3.52644836 0 7.50 0.00000000 1 NA 1 5.98393628 3.61091791
0 0 0 0.31012027 0 7.75 2.63905733 1 1 1 6.19723811 0.00000000
1 0 1 0.74545455 0 5.50 1.94591015 1 1 1 6.49223984 0.69314718
1 0 1 0.15651286 0 8.25 0.00000000 1 1 1 7.81117959 2.63905733
1 0 0 -1.07990776 0 7.75 0.00000000 1 1 0 7.15067793 2.77258872
1 0 1 0.20622568 0 9.50 2.48490665 1 NA 0 5.95454119 0.00000000
0 0 1 -0.27727074 0 7.75 3.04452244 1 1 1 8.12535876 2.83321334
1 0 1 0.24194723 0 7.75 3.55534806 1 1 1 7.79560950 1.09861229
0 0 1 0.10971787 0 7.75 3.29583687 1 NA 1 5.76519110 1.38629436
1 0 1 0.18998514 0 9.50 0.00000000 0 1 1 5.81859815 2.83321334
1 0 1 -0.50029878 0 4.75 2.94443898 0 NA 1 6.91182698 2.70805020
1 0 1 0.18335866 0 8.50 0.00000000 1 1 1 7.44885207 2.39789527
0 1 1 0.37240626 0 7.75 2.30258509 1 1 0 5.39253604 0.00000000
1 0 1 0.01157736 0 8.25 0.00000000 0 NA 1 6.08007049 0.00000000
0 1 1 0.58771531 0 4.75 0.00000000 1 1 1 5.65672581 2.83321334
1 0 1 -0.34737874 0 8.00 2.70805020 2 NA NA 6.01175725 1.09861229
1 0 0 -0.04972472 0 8.00 0.00000000 0 1 1 5.99948232 2.94443898
1 0 0 0.28655821 0 7.75 2.77258872 0 NA NA 5.39390024 2.19722458
1 0 0 -0.71375691 0 8.50 1.38629436 0 1 NA 5.89164421 3.17805383
1 0 0 -0.71936229 0 4.75 0.00000000 1 1 1 6.50899266 3.71357207
1 0 1 0.12879305 0 8.25 2.63905733 1 NA 1 6.08591072 1.38629436
0 1 1 0.19803477 0 9.00 2.63905733 1 NA 1 7.18765716 3.55534806
1 0 1 0.32869693 0 8.50 0.00000000 1 1 1 5.61020413 2.56494936
1 1 0 0.34747670 0 7.75 0.00000000 1 1 1 6.83872669 3.63758616
1 0 0 -0.26597255 0 7.75 2.63905733 0 NA 1 5.53560048 0.69314718
1 0 1 0.04718919 0 5.00 0.00000000 2 1 NA 6.60665019 1.09861229
0 1 0 0.23288726 0 8.25 2.48490665 1 1 1 5.60855562 0.00000000
1 0 0 -0.33010883 0 4.00 0.00000000 1 1 1 5.82620658 4.23410650
0 0 1 0.43554888 0 9.00 0.00000000 1 NA NA 6.03861050 1.38629436
1 0 1 -0.04812500 0 4.75 3.04452244 0 1 0 6.46146818 1.60943791
1 0 1 0.17957170 1 3.25 2.07944154 1 1 1 6.70071881 2.77258872
1 0 1 -1.65719697 0 3.25 0.00000000 2 1 NA 6.26909628 2.99573227
1 0 1 -0.20457648 0 3.25 0.00000000 0 1 1 7.33843319 3.68887945
1 0 1 0.19211823 1 3.25 0.00000000 0 1 NA 6.00635316 2.48490665
1 0 0 -0.39661478 0 3.25 0.00000000 2 1 NA 6.37647181 1.94591015
1 0 0 -0.14034281 0 3.25 3.33220451 1 1 1 7.94704918 2.56494936
0 0 0 0.22364538 0 3.25 3.13549422 1 1 1 7.22668889 0.00000000
1 0 1 -0.50000000 0 3.25 0.00000000 0 1 1 5.67675380 2.83321334
1 0 1 0.16604117 0 3.25 0.00000000 0 1 1 6.42245119 4.40671925
1 0 1 -0.07257087 0 3.25 2.94443898 2 NA 1 5.84765191 4.11087386
1 1 1 0.03061224 0 3.25 2.63905733 0 1 1 6.19440539 1.09861229
1 0 1 -0.72674527 0 8.25 2.07944154 0 1 1 6.28095748 2.39789527
0 0 1 0.62940417 1 3.25 NA 1 NA 1 5.60230331 0.00000000
1 0 0 -0.18712617 1 3.25 2.39789527 1 1 1 8.16365618 2.89037176
1 1 1 0.09763724 0 3.25 2.39789527 1 1 1 5.63995481 2.39789527
0 0 1 -0.15724649 0 3.25 0.00000000 1 1 1 10.13014492 1.09861229
1 0 1 0.27424348 0 3.25 0.00000000 0 1 1 9.21163953 0.69314718
1 0 0 0.18635754 0 3.25 0.00000000 0 1 1 7.48537376 1.94591015
1 0 0 -0.03020701 0 3.25 0.00000000 1 1 1 6.44254017 0.69314718
1 0 0 0.03909091 0 3.25 2.39789527 2 1 NA 6.47543272 2.56494936
1 1 0 0.49954595 0 3.25 0.00000000 1 1 0 6.93157922 3.33220451
1 0 1 -0.08710555 1 3.25 0.00000000 2 1 NA 7.05466552 2.94443898
0 1 0 0.60468000 1 3.25 2.48490665 1 NA 1 5.91604032 2.63905733
1 0 1 -0.50235143 1 3.25 0.00000000 1 1 1 8.45062595 3.04452244
1 0 0 0.52219196 1 3.25 0.00000000 2 1 NA 5.98277692 2.07944154
0 1 0 0.06448208 1 3.25 3.52636052 1 NA 1 5.96224169 1.09861229
1 0 1 0.24638563 0 3.25 2.48490665 1 1 1 6.53712629 0.00000000
1 0 0 0.43255333 0 3.25 NA 2 1 NA 6.53134399 2.63905733
1 0 1 0.07972378 0 3.25 0.00000000 1 1 1 7.31242007 2.56494936
1 0 1 -0.22302606 1 3.25 0.00000000 0 1 1 6.07311366 0.00000000
1 0 0 0.29524233 0 8.00 3.49650756 2 1 0 5.88565949 0.00000000
0 0 1 0.29363607 0 7.75 0.00000000 1 1 1 8.38178575 3.66356165
1 0 1 0.38448683 0 3.25 0.00000000 0 NA 1 5.61767978 1.09861229
1 0 0 -0.34441925 1 3.25 0.00000000 0 1 1 7.92959451 2.07944154
0 0 0 0.51453077 0 3.25 0.00000000 0 NA 1 6.32520090 1.09861229
1 0 0 0.17639162 0 3.25 0.00000000 1 1 1 8.23656353 0.00000000
0 0 1 0.08327505 0 3.25 0.00000000 1 1 1 8.12822230 0.69314718
1 0 1 -0.39641528 0 3.25 1.79175947 2 1 NA 5.62304230 1.38629436
1 1 0 0.47349417 1 3.25 2.48490665 1 1 1 6.43919061 3.36729583
1 0 0 0.38550200 0 3.25 0.00000000 1 NA 1 8.30260048 4.41884061
1 0 1 -0.08572458 1 6.75 3.29583687 2 1 NA 7.41806077 0.69314718
0 1 0 -0.08230861 0 3.25 2.39789527 1 1 1 5.97327512 4.12713439
1 1 0 -0.09036274 0 3.25 0.00000000 1 1 1 6.23928120 2.99573227
0 0 1 0.19992791 0 3.25 0.00000000 0 NA 1 9.02677805 0.00000000
1 0 1 -0.12464825 0 3.25 0.00000000 2 1 NA 6.01290798 1.60943791
0 1 0 -0.09552186 1 3.25 0.00000000 1 1 1 5.83577518 4.14313473
1 1 1 0.14657404 0 3.25 4.66343909 1 1 1 6.13884953 3.40119738
1 0 1 0.09117064 1 3.25 0.00000000 0 1 1 7.35506586 2.70805020
1 0 0 0.24370658 1 3.25 2.39789527 0 1 1 5.98454063 4.15888308
1 0 1 -0.03893365 0 3.25 3.61091791 2 NA NA 5.76117049 4.17438727
1 0 0 -0.51063884 0 3.25 0.00000000 2 1 NA 5.97355513 3.43398720
0 1 1 0.01432239 0 3.25 2.19722458 2 NA NA 7.94994535 3.09104245
0 1 1 -0.32695035 0 3.25 3.04452244 2 NA NA 7.25134498 3.09104245
1 0 1 -1.06186832 0 3.25 0.00000000 0 1 1 5.62416190 4.44265126
1 1 0 0.12406861 0 3.25 0.00000000 0 1 1 6.29563494 0.00000000
1 0 1 -0.09474697 0 3.25 3.21887582 2 NA NA 7.47734969 2.70805020
0 0 1 0.70793761 0 3.25 NA 1 NA NA 5.66469509 1.38629436
0 1 1 0.19101813 0 3.25 1.79175947 0 1 NA 5.68180949 3.13549422
0 1 0 -0.07513316 0 3.25 0.00000000 1 1 1 6.00982005 2.77258872
1 0 0 -0.30916423 0 3.25 4.06044301 2 1 1 7.04591594 1.94591015
0 1 0 0.08861005 1 3.25 0.00000000 1 NA 1 6.42720018 2.83321334
1 0 1 -0.39018025 0 3.25 3.29583687 0 NA NA 6.11401398 2.89037176
1 0 1 -1.77567746 1 3.25 2.48490665 2 NA NA 6.15224321 4.18965474
1 0 1 0.47439605 0 3.25 0.00000000 2 1 NA 6.10822484 2.63905733
1 0 0 0.44257334 0 3.25 0.00000000 2 NA NA 7.99201506 1.60943791
1 0 0 0.26293533 0 9.50 0.00000000 1 1 1 7.45372408 0.00000000
1 0 1 0.16762194 0 7.00 1.79175947 0 1 1 5.57386360 2.48490665
1 0 1 0.23516360 0 3.25 3.09104245 1 NA 1 6.27626748 0.00000000